2
1024 768
1322.86939809138 0 523.502131864882
0 1320.25206893085 399.501202323409
0 0 1
-0.461447290696894 0.308230762237524 -0.00132126322308705 0.000241977187442192
1 0 0
0 1 0
0 0 1
0 0 0
1024 768
1319.55995702702 0 516.569832801478
0 1316.84745767131 400.92288727453
0 0 1
-0.453804173982767 0.277796135743703 -0.00246045839591379 -0.00113737571431734
0.999997898116442 -0.00166870961755387 -0.00119128959963137
0.00166883066653124 0.99999860243844 0.00010062491445262
0.00119112002096831 -0.000102612763567299 0.999999285351603
-119.860894768452 0.406950087106303 -0.948692763024604
