2
1024 768
1324.22869136711 0 516.054303727926
0 1323.83841337951 390.784891844022
0 0 1
-0.438657093468964 0.241630126630461 0.000145967200984793 -5.32535608032173e-05
1 0 0
0 1 0
0 0 1
0 0 0
1024 768
1319.84649650023 0 512.030261763935
0 1320.11305642297 384.244384326427
0 0 1
-0.44664303361085 0.281619098868238 0.000734560111626615 0.00062673616513405
0.999989444899559 -0.00411521139191354 -0.00204331218188954
0.00411462304300777 0.999991492253147 -0.00029205913506135
0.00204449668298647 0.000283648592960224 0.999997869786126
-120.109032509018 -0.323735431176004 -0.412907826966807
