2
1024 768
1320.39878769997 0 506.436830531899
0 1319.52396243643 404.226611246428
0 0 1
-0.460147981926896 0.31439212785481 -0.00157792815559139 0.00135207553206305
1 0 0
0 1 0
0 0 1
0 0 0
1024 768
1317.72590821823 0 535.090300024645
0 1317.04476772399 412.07235072597
0 0 1
-0.455482389893008 0.284407323723746 7.31333715584106e-05 -0.00140495735126087
0.999976760525022 -0.00664384569797047 -0.00152896181252955
0.00664346858073275 0.999977900268123 -0.000251596048937669
0.00153059958821081 0.000241432592214898 0.999998799486881
-119.818804776068 -0.30388893871188 -0.361785971612613
