2
1024 768
1313.08761786512 0 520.741345274259
0 1314.07620717976 399.186047120147
0 0 1
-0.45013052941848 0.332051839964434 -0.00169393065207519 -0.000798375880745798
1 0 0
0 1 0
0 0 1
0 0 0
1024 768
1321.9794740587 0 521.190598349253
0 1323.29357658147 397.550811705424
0 0 1
-0.465322387305698 0.370911769209322 -0.000985607810500263 -0.000803795760178344
0.999991526908931 -0.00396427643028281 0.00110933436276606
0.00396484792570669 0.999992008145345 -0.000513445581863326
-0.00110729005690864 0.000517839573439308 0.999999252875174
-119.971027328902 -0.0737263848425327 -0.394040765436019
