2
2048 2048
1985.17260617487 0.00569709479384084 929.516962050973
0 1984.04220501237 998.401382593078
6.93888916256136e-18 8.11168105083547e-21 1.00066121668057
0 0 0 0
0.999338538287294 -0.00116747581830534 0.0363472542845859
0.00116824397889681 0.999999317602765 1.04310200791124e-07
-0.0363472296030997 4.23582197638118e-05 0.999339220238033
0 0 0
2048 2048
1978.4454544244 3.49670209603238 1157.4578665966
4.44089209850063e-16 1982.45787359057 997.604121991451
6.93889708412488e-18 1.33542210301558e-21 0.999862151517455
0 0 0 0
0.999338538287294 -0.00116747581830449 0.0363472542845847
0.00116824397889594 0.999999317602765 1.04310201465817e-07
-0.0363472296030985 4.23582197631044e-05 0.999339220238033
-142.723164725714 -2.61822887254611e-13 5.70391335959451e-13
