2
2048 2048
5012.7348204182 0 949.311079301146
0 5011.38885149645 929.988822831841
0 0 1
-0.101584588086597 -0.0243112174541427 -0.00484526551002308 -0.0045991212904542
1 0 0
0 1 0
0 0 1
0 0 0
2048 2048
4997.56113143898 0 920.640068212765
0 4996.22897287377 920.200871465495
0 0 1
-0.0932326159729886 -0.0925071092639867 -0.00496806288552998 -0.00452139826650677
0.993487130503145 -0.0184300498255091 -0.112444007346128
0.0183770112107238 0.9998299908858 -0.00150823879458026
0.112452687756174 -0.000567968951437444 0.993656917868377
146.586823595201 0.0309579727272205 8.00573501843849
