2
2048 2048
1986.48523874808 0 1001.05832957007
0 1984.04220168427 997.741866120982
0 0 1
-0.0900660053124073 0.0558642812611745 -0.000865757192456191 -0.000669930598043163
1 0 0
0 1 0
0 0 1
0 0 0
2048 2048
1992.19713928029 0 1058.17994015727
0 1990.47056699362 1000.1068505734
0 0 1
-0.0877749640708952 0.0522034229372903 -0.000709437143944775 -8.981938986062e-05
0.996065375236653 0.00212470510211612 0.0885960150508735
-0.0018407391811757 0.999992904432742 -0.0032867557615359
-0.0886023697986259 0.00311074145472532 0.996062218615719
-142.526814398471 0.446217364223006 7.47059681758491
